begin codes
 		0 0 0 #00ffff
 		1 0 10 #00e5e5
 		2 0 20 #00cccc
 		3 0 30 #00b2b2
 		4 0 40 #009999
 		5 0 50 #007f7f
 		6 0 60 #006666
 		7 0 70 #004c4c
 		8 0 80 #003333
 		9 0 90 #001919
 		10 2 0 #00fff7
 		11 2 10 #00e5de
 		12 2 20 #00ccc5
 		13 2 30 #00b2ac
 		14 2 40 #009994
 		15 2 50 #007f7b
 		16 2 60 #006662
 		17 2 70 #004c49
 		18 2 80 #003331
 		19 2 90 #001918
 		20 4 0 #00ffee
 		21 4 10 #00e5d6
 		22 4 20 #00ccbf
 		23 4 30 #00b2a6
 		24 4 40 #00998f
 		25 4 50 #007f76
 		26 4 60 #00665f
 		27 4 70 #004c47
 		28 4 80 #00332f
 		29 4 90 #001917
 		30 6 0 #00ffe6
 		31 6 10 #00e5ce
 		32 6 20 #00ccb8
 		33 6 30 #00b2a0
 		34 6 40 #00998a
 		35 6 50 #007f72
 		36 6 60 #00665c
 		37 6 70 #004c44
 		38 6 80 #00332e
 		39 6 90 #001916
 		40 8 0 #00ffd9
 		41 8 10 #00e5c3
 		42 8 20 #00ccae
 		43 8 30 #00b297
 		44 8 40 #009982
 		45 8 50 #007f6c
 		46 8 60 #006657
 		47 8 70 #004c40
 		48 8 80 #00332b
 		49 8 90 #001915
 		50 10 0 #00ffcc
 		51 10 10 #00e5b7
 		52 10 20 #00cca3
 		53 10 30 #00b28e
 		54 10 40 #00997a
 		55 10 50 #007f65
 		56 10 60 #006651
 		57 10 70 #004c3d
 		58 10 80 #003328
 		59 10 90 #001914
 		60 12 0 #00ffc8
 		61 12 10 #00e5b4
 		62 12 20 #00cca0
 		63 12 30 #00b28b
 		64 12 40 #009978
 		65 12 50 #007f63
 		66 12 60 #006650
 		67 12 70 #004c3b
 		68 12 80 #003328
 		69 12 90 #001913
 		70 14 0 #00ffbb
 		71 14 10 #00e5a8
 		72 14 20 #00cc96
 		73 14 30 #00b283
 		74 14 40 #009970
 		75 14 50 #007f5d
 		76 14 60 #00664b
 		77 14 70 #004c37
 		78 14 80 #003325
 		79 14 90 #001912
 		80 16 0 #00ffae
 		81 16 10 #00e59d
 		82 16 20 #00cc8b
 		83 16 30 #00b27a
 		84 16 40 #009968
 		85 16 50 #007f57
 		86 16 60 #006645
 		87 16 70 #004c34
 		88 16 80 #003322
 		89 16 90 #001911
 		90 18 0 #00ffaa
 		91 18 10 #00e599
 		92 18 20 #00cc88
 		93 18 30 #00b277
 		94 18 40 #009966
 		95 18 50 #007f54
 		96 18 60 #006644
 		97 18 70 #004c32
 		98 18 80 #003322
 		99 18 90 #001910
 		100 20 0 #00ff9d
 		101 20 10 #00e58d
 		102 20 20 #00cc7e
 		103 20 30 #00b26e
 		104 20 40 #00995e
 		105 20 50 #007f4e
 		106 20 60 #00663f
 		107 20 70 #004c2f
 		108 20 80 #00331f
 		109 20 90 #00190f
 		110 22 0 #00ff95
 		111 22 10 #00e586
 		112 22 20 #00cc77
 		113 22 30 #00b268
 		114 22 40 #009959
 		115 22 50 #007f4a
 		116 22 60 #00663b
 		117 22 70 #004c2c
 		118 22 80 #00331d
 		119 22 90 #00190e
 		120 24 0 #00ff8c
 		121 24 10 #00e57e
 		122 24 20 #00cc70
 		123 24 30 #00b262
 		124 24 40 #009954
 		125 24 50 #007f46
 		126 24 60 #006638
 		127 24 70 #004c29
 		128 24 80 #00331c
 		129 24 90 #00190d
 		130 26 0 #00ff80
 		131 26 10 #00e572
 		132 26 20 #00cc66
 		133 26 30 #00b259
 		134 26 40 #00994c
 		135 26 50 #007f3f
 		136 26 60 #006633
 		137 26 70 #004c26
 		138 26 80 #003319
 		139 26 90 #00190c
 		140 28 0 #00ff77
 		141 28 10 #00e56b
 		142 28 20 #00cc5f
 		143 28 30 #00b253
 		144 28 40 #009947
 		145 28 50 #007f3b
 		146 28 60 #00662f
 		147 28 70 #004c23
 		148 28 80 #003317
 		149 28 90 #00190b
 		150 30 0 #00ff6e
 		151 30 10 #00e563
 		152 30 20 #00cc58
 		153 30 30 #00b24d
 		154 30 40 #009942
 		155 30 50 #007f37
 		156 30 60 #00662c
 		157 30 70 #004c21
 		158 30 80 #003316
 		159 30 90 #00190a
 		160 32 0 #00ff66
 		161 32 10 #00e55b
 		162 32 20 #00cc51
 		163 32 30 #00b247
 		164 32 40 #00993d
 		165 32 50 #007f33
 		166 32 60 #006628
 		167 32 70 #004c1e
 		168 32 80 #003314
 		169 32 90 #00190a
 		170 34 0 #00ff5d
 		171 34 10 #00e554
 		172 34 20 #00cc4b
 		173 34 30 #00b241
 		174 34 40 #009938
 		175 34 50 #007f2e
 		176 34 60 #006625
 		177 34 70 #004c1b
 		178 34 80 #003312
 		179 34 90 #001909
 		180 36 0 #00ff55
 		181 36 10 #00e54c
 		182 36 20 #00cc44
 		183 36 30 #00b23b
 		184 36 40 #009933
 		185 36 50 #007f2a
 		186 36 60 #006622
 		187 36 70 #004c19
 		188 36 80 #003311
 		189 36 90 #001908
 		190 38 0 #00ff48
 		191 38 10 #00e541
 		192 38 20 #00cc3a
 		193 38 30 #00b232
 		194 38 40 #00992b
 		195 38 50 #007f24
 		196 38 60 #00661d
 		197 38 70 #004c15
 		198 38 80 #00330e
 		199 38 90 #001907
 		200 40 0 #00ff40
 		201 40 10 #00e539
 		202 40 20 #00cc33
 		203 40 30 #00b22c
 		204 40 40 #009926
 		205 40 50 #007f1f
 		206 40 60 #006619
 		207 40 70 #004c13
 		208 40 80 #00330c
 		209 40 90 #001906
 		210 42 0 #00ff37
 		211 42 10 #00e531
 		212 42 20 #00cc2c
 		213 42 30 #00b226
 		214 42 40 #009921
 		215 42 50 #007f1b
 		216 42 60 #006616
 		217 42 70 #004c10
 		218 42 80 #00330b
 		219 42 90 #001905
 		220 44 0 #00ff2e
 		221 44 10 #00e52a
 		222 44 20 #00cc25
 		223 44 30 #00b220
 		224 44 40 #00991c
 		225 44 50 #007f17
 		226 44 60 #006612
 		227 44 70 #004c0d
 		228 44 80 #003309
 		229 44 90 #001904
 		230 46 0 #00ff26
 		231 46 10 #00e522
 		232 46 20 #00cc1e
 		233 46 30 #00b21a
 		234 46 40 #009917
 		235 46 50 #007f13
 		236 46 60 #00660f
 		237 46 70 #004c0b
 		238 46 80 #003307
 		239 46 90 #001903
 		240 48 0 #00ff22
 		241 48 10 #00e51e
 		242 48 20 #00cc1b
 		243 48 30 #00b217
 		244 48 40 #009914
 		245 48 50 #007f11
 		246 48 60 #00660d
 		247 48 70 #004c0a
 		248 48 80 #003306
 		249 48 90 #001903
 		250 50 0 #00ff19
 		251 50 10 #00e516
 		252 50 20 #00cc14
 		253 50 30 #00b211
 		254 50 40 #00990f
 		255 50 50 #007f0c
 		256 50 60 #00660a
 		257 50 70 #004c07
 		258 50 80 #003305
 		259 50 90 #001902
 		260 52 0 #00ff15
 		261 52 10 #00e513
 		262 52 20 #00cc11
 		263 52 30 #00b20e
 		264 52 40 #00990c
 		265 52 50 #007f0a
 		266 52 60 #006608
 		267 52 70 #004c06
 		268 52 80 #003304
 		269 52 90 #001902
 		270 54 0 #00ff0c
 		271 54 10 #00e50b
 		272 54 20 #00cc0a
 		273 54 30 #00b208
 		274 54 40 #009907
 		275 54 50 #007f06
 		276 54 60 #006605
 		277 54 70 #004c03
 		278 54 80 #003302
 		279 54 90 #001901
 		280 56 0 #00ff08
 		281 56 10 #00e507
 		282 56 20 #00cc06
 		283 56 30 #00b205
 		284 56 40 #009905
 		285 56 50 #007f04
 		286 56 60 #006603
 		287 56 70 #004c02
 		288 56 80 #003301
 		289 56 90 #001900
 		290 58 0 #00ff08
 		291 58 10 #00e507
 		292 58 20 #00cc06
 		293 58 30 #00b205
 		294 58 40 #009905
 		295 58 50 #007f04
 		296 58 60 #006603
 		297 58 70 #004c02
 		298 58 80 #003301
 		299 58 90 #001900
 		300 60 0 #00ff04
 		301 60 10 #00e503
 		302 60 20 #00cc03
 		303 60 30 #00b202
 		304 60 40 #009902
 		305 60 50 #007f02
 		306 60 60 #006601
 		307 60 70 #004c01
 		308 60 80 #003300
 		309 60 90 #001900
 		310 62 0 #00ff00
 		311 62 10 #00e500
 		312 62 20 #00cc00
 		313 62 30 #00b200
 		314 62 40 #009900
 		315 62 50 #007f00
 		316 62 60 #006600
 		317 62 70 #004c00
 		318 62 80 #003300
 		319 62 90 #001900
 		320 64 0 #00ff00
 		321 64 10 #00e500
 		322 64 20 #00cc00
 		323 64 30 #00b200
 		324 64 40 #009900
 		325 64 50 #007f00
 		326 64 60 #006600
 		327 64 70 #004c00
 		328 64 80 #003300
 		329 64 90 #001900
 		330 66 0 #08ff00
 		331 66 10 #07e500
 		332 66 20 #06cc00
 		333 66 30 #05b200
 		334 66 40 #059900
 		335 66 50 #047f00
 		336 66 60 #036600
 		337 66 70 #024c00
 		338 66 80 #013300
 		339 66 90 #001900
 		340 68 0 #0cff00
 		341 68 10 #0be500
 		342 68 20 #0acc00
 		343 68 30 #08b200
 		344 68 40 #079900
 		345 68 50 #067f00
 		346 68 60 #056600
 		347 68 70 #034c00
 		348 68 80 #023300
 		349 68 90 #011900
 		350 70 0 #15ff00
 		351 70 10 #13e500
 		352 70 20 #11cc00
 		353 70 30 #0eb200
 		354 70 40 #0c9900
 		355 70 50 #0a7f00
 		356 70 60 #086600
 		357 70 70 #064c00
 		358 70 80 #043300
 		359 70 90 #021900
 		360 72 0 #1dff00
 		361 72 10 #1ae500
 		362 72 20 #17cc00
 		363 72 30 #14b200
 		364 72 40 #119900
 		365 72 50 #0e7f00
 		366 72 60 #0b6600
 		367 72 70 #084c00
 		368 72 80 #053300
 		369 72 90 #021900
 		370 74 0 #22ff00
 		371 74 10 #1ee500
 		372 74 20 #1bcc00
 		373 74 30 #17b200
 		374 74 40 #149900
 		375 74 50 #117f00
 		376 74 60 #0d6600
 		377 74 70 #0a4c00
 		378 74 80 #063300
 		379 74 90 #031900
 		380 76 0 #2aff00
 		381 76 10 #26e500
 		382 76 20 #22cc00
 		383 76 30 #1db200
 		384 76 40 #199900
 		385 76 50 #157f00
 		386 76 60 #116600
 		387 76 70 #0c4c00
 		388 76 80 #083300
 		389 76 90 #041900
 		390 78 0 #33ff00
 		391 78 10 #2de500
 		392 78 20 #28cc00
 		393 78 30 #23b200
 		394 78 40 #1e9900
 		395 78 50 #197f00
 		396 78 60 #146600
 		397 78 70 #0f4c00
 		398 78 80 #0a3300
 		399 78 90 #051900
 		400 80 0 #3bff00
 		401 80 10 #35e500
 		402 80 20 #2fcc00
 		403 80 30 #29b200
 		404 80 40 #239900
 		405 80 50 #1d7f00
 		406 80 60 #176600
 		407 80 70 #114c00
 		408 80 80 #0b3300
 		409 80 90 #051900
 		410 82 0 #44ff00
 		411 82 10 #3de500
 		412 82 20 #36cc00
 		413 82 30 #2fb200
 		414 82 40 #289900
 		415 82 50 #227f00
 		416 82 60 #1b6600
 		417 82 70 #144c00
 		418 82 80 #0d3300
 		419 82 90 #061900
 		420 84 0 #51ff00
 		421 84 10 #48e500
 		422 84 20 #40cc00
 		423 84 30 #38b200
 		424 84 40 #309900
 		425 84 50 #287f00
 		426 84 60 #206600
 		427 84 70 #184c00
 		428 84 80 #103300
 		429 84 90 #071900
 		430 86 0 #55ff00
 		431 86 10 #4ce500
 		432 86 20 #44cc00
 		433 86 30 #3bb200
 		434 86 40 #339900
 		435 86 50 #2a7f00
 		436 86 60 #226600
 		437 86 70 #194c00
 		438 86 80 #113300
 		439 86 90 #081900
 		440 88 0 #62ff00
 		441 88 10 #58e500
 		442 88 20 #4ecc00
 		443 88 30 #44b200
 		444 88 40 #3a9900
 		445 88 50 #307f00
 		446 88 60 #276600
 		447 88 70 #1d4c00
 		448 88 80 #133300
 		449 88 90 #091900
 		450 90 0 #6aff00
 		451 90 10 #5fe500
 		452 90 20 #55cc00
 		453 90 30 #4ab200
 		454 90 40 #409900
 		455 90 50 #357f00
 		456 90 60 #2a6600
 		457 90 70 #1f4c00
 		458 90 80 #153300
 		459 90 90 #0a1900
 		460 92 0 #77ff00
 		461 92 10 #6be500
 		462 92 20 #5fcc00
 		463 92 30 #53b200
 		464 92 40 #479900
 		465 92 50 #3b7f00
 		466 92 60 #2f6600
 		467 92 70 #234c00
 		468 92 80 #173300
 		469 92 90 #0b1900
 		470 94 0 #80ff00
 		471 94 10 #72e500
 		472 94 20 #66cc00
 		473 94 30 #59b200
 		474 94 40 #4c9900
 		475 94 50 #3f7f00
 		476 94 60 #336600
 		477 94 70 #264c00
 		478 94 80 #193300
 		479 94 90 #0c1900
 		480 96 0 #88ff00
 		481 96 10 #7ae500
 		482 96 20 #6dcc00
 		483 96 30 #5fb200
 		484 96 40 #519900
 		485 96 50 #437f00
 		486 96 60 #366600
 		487 96 70 #284c00
 		488 96 80 #1b3300
 		489 96 90 #0d1900
 		490 98 0 #95ff00
 		491 98 10 #86e500
 		492 98 20 #77cc00
 		493 98 30 #68b200
 		494 98 40 #599900
 		495 98 50 #4a7f00
 		496 98 60 #3b6600
 		497 98 70 #2c4c00
 		498 98 80 #1d3300
 		499 98 90 #0e1900
 		500 100 0 #9dff00
 		501 100 10 #8de500
 		502 100 20 #7ecc00
 		503 100 30 #6eb200
 		504 100 40 #5e9900
 		505 100 50 #4e7f00
 		506 100 60 #3f6600
 		507 100 70 #2f4c00
 		508 100 80 #1f3300
 		509 100 90 #0f1900
 		510 102 0 #a6ff00
 		511 102 10 #95e500
 		512 102 20 #85cc00
 		513 102 30 #74b200
 		514 102 40 #639900
 		515 102 50 #527f00
 		516 102 60 #426600
 		517 102 70 #314c00
 		518 102 80 #213300
 		519 102 90 #101900
 		520 104 0 #b3ff00
 		521 104 10 #a0e500
 		522 104 20 #8fcc00
 		523 104 30 #7db200
 		524 104 40 #6b9900
 		525 104 50 #597f00
 		526 104 60 #476600
 		527 104 70 #354c00
 		528 104 80 #233300
 		529 104 90 #111900
 		530 106 0 #bfff00
 		531 106 10 #ace500
 		532 106 20 #99cc00
 		533 106 30 #86b200
 		534 106 40 #739900
 		535 106 50 #5f7f00
 		536 106 60 #4c6600
 		537 106 70 #394c00
 		538 106 80 #263300
 		539 106 90 #121900
 		540 108 0 #c4ff00
 		541 108 10 #b0e500
 		542 108 20 #9dcc00
 		543 108 30 #89b200
 		544 108 40 #759900
 		545 108 50 #617f00
 		546 108 60 #4e6600
 		547 108 70 #3a4c00
 		548 108 80 #273300
 		549 108 90 #131900
 		550 110 0 #d5ff00
 		551 110 10 #bfe500
 		552 110 20 #aacc00
 		553 110 30 #94b200
 		554 110 40 #7f9900
 		555 110 50 #6a7f00
 		556 110 60 #556600
 		557 110 70 #3f4c00
 		558 110 80 #2a3300
 		559 110 90 #141900
 		560 112 0 #ddff00
 		561 112 10 #c7e500
 		562 112 20 #b1cc00
 		563 112 30 #9ab200
 		564 112 40 #859900
 		565 112 50 #6e7f00
 		566 112 60 #586600
 		567 112 70 #424c00
 		568 112 80 #2c3300
 		569 112 90 #151900
 		570 114 0 #e6ff00
 		571 114 10 #cee500
 		572 114 20 #b8cc00
 		573 114 30 #a0b200
 		574 114 40 #8a9900
 		575 114 50 #727f00
 		576 114 60 #5c6600
 		577 114 70 #444c00
 		578 114 80 #2e3300
 		579 114 90 #161900
 		580 116 0 #f3ff00
 		581 116 10 #dae500
 		582 116 20 #c2cc00
 		583 116 30 #a9b200
 		584 116 40 #919900
 		585 116 50 #797f00
 		586 116 60 #616600
 		587 116 70 #484c00
 		588 116 80 #303300
 		589 116 90 #171900
 		590 118 0 #fbff00
 		591 118 10 #e2e500
 		592 118 20 #c9cc00
 		593 118 30 #afb200
 		594 118 40 #979900
 		595 118 50 #7d7f00
 		596 118 60 #646600
 		597 118 70 #4b4c00
 		598 118 80 #323300
 		599 118 90 #181900
 		600 120 0 #fff700
 		601 120 10 #e5de00
 		602 120 20 #ccc500
 		603 120 30 #b2ac00
 		604 120 40 #999400
 		605 120 50 #7f7b00
 		606 120 60 #666200
 		607 120 70 #4c4900
 		608 120 80 #333100
 		609 120 90 #191800
 		610 122 0 #ffee00
 		611 122 10 #e5d600
 		612 122 20 #ccbf00
 		613 122 30 #b2a600
 		614 122 40 #998f00
 		615 122 50 #7f7600
 		616 122 60 #665f00
 		617 122 70 #4c4700
 		618 122 80 #332f00
 		619 122 90 #191700
 		620 124 0 #ffe200
 		621 124 10 #e5cb00
 		622 124 20 #ccb400
 		623 124 30 #b29d00
 		624 124 40 #998700
 		625 124 50 #7f7000
 		626 124 60 #665a00
 		627 124 70 #4c4300
 		628 124 80 #332d00
 		629 124 90 #191600
 		630 126 0 #ffd900
 		631 126 10 #e5c300
 		632 126 20 #ccae00
 		633 126 30 #b29700
 		634 126 40 #998200
 		635 126 50 #7f6c00
 		636 126 60 #665700
 		637 126 70 #4c4000
 		638 126 80 #332b00
 		639 126 90 #191500
 		640 128 0 #ffcc00
 		641 128 10 #e5b700
 		642 128 20 #cca300
 		643 128 30 #b28e00
 		644 128 40 #997a00
 		645 128 50 #7f6500
 		646 128 60 #665100
 		647 128 70 #4c3d00
 		648 128 80 #332800
 		649 128 90 #191400
 		650 130 0 #ffc400
 		651 130 10 #e5b000
 		652 130 20 #cc9d00
 		653 130 30 #b28900
 		654 130 40 #997500
 		655 130 50 #7f6100
 		656 130 60 #664e00
 		657 130 70 #4c3a00
 		658 130 80 #332700
 		659 130 90 #191300
 		660 132 0 #ffbb00
 		661 132 10 #e5a800
 		662 132 20 #cc9600
 		663 132 30 #b28300
 		664 132 40 #997000
 		665 132 50 #7f5d00
 		666 132 60 #664b00
 		667 132 70 #4c3700
 		668 132 80 #332500
 		669 132 90 #191200
 		670 134 0 #ffae00
 		671 134 10 #e59d00
 		672 134 20 #cc8b00
 		673 134 30 #b27a00
 		674 134 40 #996800
 		675 134 50 #7f5700
 		676 134 60 #664500
 		677 134 70 #4c3400
 		678 134 80 #332200
 		679 134 90 #191100
 		680 136 0 #ffa600
 		681 136 10 #e59500
 		682 136 20 #cc8500
 		683 136 30 #b27400
 		684 136 40 #996300
 		685 136 50 #7f5200
 		686 136 60 #664200
 		687 136 70 #4c3100
 		688 136 80 #332100
 		689 136 90 #191000
 		690 138 0 #ff9d00
 		691 138 10 #e58d00
 		692 138 20 #cc7e00
 		693 138 30 #b26e00
 		694 138 40 #995e00
 		695 138 50 #7f4e00
 		696 138 60 #663f00
 		697 138 70 #4c2f00
 		698 138 80 #331f00
 		699 138 90 #190f00
 		700 140 0 #ff9100
 		701 140 10 #e58200
 		702 140 20 #cc7400
 		703 140 30 #b26500
 		704 140 40 #995700
 		705 140 50 #7f4800
 		706 140 60 #663a00
 		707 140 70 #4c2b00
 		708 140 80 #331d00
 		709 140 90 #190e00
 		710 142 0 #ff8c00
 		711 142 10 #e57e00
 		712 142 20 #cc7000
 		713 142 30 #b26200
 		714 142 40 #995400
 		715 142 50 #7f4600
 		716 142 60 #663800
 		717 142 70 #4c2900
 		718 142 80 #331c00
 		719 142 90 #190d00
 		720 144 0 #ff8000
 		721 144 10 #e57200
 		722 144 20 #cc6600
 		723 144 30 #b25900
 		724 144 40 #994c00
 		725 144 50 #7f3f00
 		726 144 60 #663300
 		727 144 70 #4c2600
 		728 144 80 #331900
 		729 144 90 #190c00
 		730 146 0 #ff7700
 		731 146 10 #e56b00
 		732 146 20 #cc5f00
 		733 146 30 #b25300
 		734 146 40 #994700
 		735 146 50 #7f3b00
 		736 146 60 #662f00
 		737 146 70 #4c2300
 		738 146 80 #331700
 		739 146 90 #190b00
 		740 148 0 #ff6e00
 		741 148 10 #e56300
 		742 148 20 #cc5800
 		743 148 30 #b24d00
 		744 148 40 #994200
 		745 148 50 #7f3700
 		746 148 60 #662c00
 		747 148 70 #4c2100
 		748 148 80 #331600
 		749 148 90 #190a00
 		750 150 0 #ff6600
 		751 150 10 #e55b00
 		752 150 20 #cc5100
 		753 150 30 #b24700
 		754 150 40 #993d00
 		755 150 50 #7f3300
 		756 150 60 #662800
 		757 150 70 #4c1e00
 		758 150 80 #331400
 		759 150 90 #190a00
 		760 152 0 #ff5d00
 		761 152 10 #e55400
 		762 152 20 #cc4b00
 		763 152 30 #b24100
 		764 152 40 #993800
 		765 152 50 #7f2e00
 		766 152 60 #662500
 		767 152 70 #4c1b00
 		768 152 80 #331200
 		769 152 90 #190900
 		770 154 0 #ff5500
 		771 154 10 #e54c00
 		772 154 20 #cc4400
 		773 154 30 #b23b00
 		774 154 40 #993300
 		775 154 50 #7f2a00
 		776 154 60 #662200
 		777 154 70 #4c1900
 		778 154 80 #331100
 		779 154 90 #190800
 		780 156 0 #ff4c00
 		781 156 10 #e54400
 		782 156 20 #cc3d00
 		783 156 30 #b23500
 		784 156 40 #992e00
 		785 156 50 #7f2600
 		786 156 60 #661e00
 		787 156 70 #4c1600
 		788 156 80 #330f00
 		789 156 90 #190700
 		790 158 0 #ff4400
 		791 158 10 #e53d00
 		792 158 20 #cc3600
 		793 158 30 #b22f00
 		794 158 40 #992800
 		795 158 50 #7f2200
 		796 158 60 #661b00
 		797 158 70 #4c1400
 		798 158 80 #330d00
 		799 158 90 #190600
 		800 160 0 #ff3b00
 		801 160 10 #e53500
 		802 160 20 #cc2f00
 		803 160 30 #b22900
 		804 160 40 #992300
 		805 160 50 #7f1d00
 		806 160 60 #661700
 		807 160 70 #4c1100
 		808 160 80 #330b00
 		809 160 90 #190500
 		810 162 0 #ff2e00
 		811 162 10 #e52a00
 		812 162 20 #cc2500
 		813 162 30 #b22000
 		814 162 40 #991c00
 		815 162 50 #7f1700
 		816 162 60 #661200
 		817 162 70 #4c0d00
 		818 162 80 #330900
 		819 162 90 #190400
 		820 164 0 #ff2600
 		821 164 10 #e52200
 		822 164 20 #cc1e00
 		823 164 30 #b21a00
 		824 164 40 #991700
 		825 164 50 #7f1300
 		826 164 60 #660f00
 		827 164 70 #4c0b00
 		828 164 80 #330700
 		829 164 90 #190300
 		830 166 0 #ff1d00
 		831 166 10 #e51a00
 		832 166 20 #cc1700
 		833 166 30 #b21400
 		834 166 40 #991100
 		835 166 50 #7f0e00
 		836 166 60 #660b00
 		837 166 70 #4c0800
 		838 166 80 #330500
 		839 166 90 #190200
 		840 168 0 #ff1500
 		841 168 10 #e51300
 		842 168 20 #cc1100
 		843 168 30 #b20e00
 		844 168 40 #990c00
 		845 168 50 #7f0a00
 		846 168 60 #660800
 		847 168 70 #4c0600
 		848 168 80 #330400
 		849 168 90 #190200
 		850 170 0 #ff1100
 		851 170 10 #e50f00
 		852 170 20 #cc0d00
 		853 170 30 #b20b00
 		854 170 40 #990a00
 		855 170 50 #7f0800
 		856 170 60 #660600
 		857 170 70 #4c0500
 		858 170 80 #330300
 		859 170 90 #190100
 		860 172 0 #ff0400
 		861 172 10 #e50300
 		862 172 20 #cc0300
 		863 172 30 #b20200
 		864 172 40 #990200
 		865 172 50 #7f0200
 		866 172 60 #660100
 		867 172 70 #4c0100
 		868 172 80 #330000
 		869 172 90 #190000
 		870 174 0 #ff0004
 		871 174 10 #e50003
 		872 174 20 #cc0003
 		873 174 30 #b20002
 		874 174 40 #990002
 		875 174 50 #7f0002
 		876 174 60 #660001
 		877 174 70 #4c0001
 		878 174 80 #330000
 		879 174 90 #190000
 		880 176 0 #ff0008
 		881 176 10 #e50007
 		882 176 20 #cc0006
 		883 176 30 #b20005
 		884 176 40 #990005
 		885 176 50 #7f0004
 		886 176 60 #660003
 		887 176 70 #4c0002
 		888 176 80 #330001
 		889 176 90 #190000
 		890 178 0 #ff000c
 		891 178 10 #e5000b
 		892 178 20 #cc000a
 		893 178 30 #b20008
 		894 178 40 #990007
 		895 178 50 #7f0006
 		896 178 60 #660005
 		897 178 70 #4c0003
 		898 178 80 #330002
 		899 178 90 #190001
 		900 180 0 #ff0011
 		901 180 10 #e5000f
 		902 180 20 #cc000d
 		903 180 30 #b2000b
 		904 180 40 #99000a
 		905 180 50 #7f0008
 		906 180 60 #660006
 		907 180 70 #4c0005
 		908 180 80 #330003
 		909 180 90 #190001
 		910 182 0 #ff0015
 		911 182 10 #e50013
 		912 182 20 #cc0011
 		913 182 30 #b2000e
 		914 182 40 #99000c
 		915 182 50 #7f000a
 		916 182 60 #660008
 		917 182 70 #4c0006
 		918 182 80 #330004
 		919 182 90 #190002
 		920 184 0 #ff001d
 		921 184 10 #e5001a
 		922 184 20 #cc0017
 		923 184 30 #b20014
 		924 184 40 #990011
 		925 184 50 #7f000e
 		926 184 60 #66000b
 		927 184 70 #4c0008
 		928 184 80 #330005
 		929 184 90 #190002
 		930 186 0 #ff0022
 		931 186 10 #e5001e
 		932 186 20 #cc001b
 		933 186 30 #b20017
 		934 186 40 #990014
 		935 186 50 #7f0011
 		936 186 60 #66000d
 		937 186 70 #4c000a
 		938 186 80 #330006
 		939 186 90 #190003
 		940 188 0 #ff0026
 		941 188 10 #e50022
 		942 188 20 #cc001e
 		943 188 30 #b2001a
 		944 188 40 #990017
 		945 188 50 #7f0013
 		946 188 60 #66000f
 		947 188 70 #4c000b
 		948 188 80 #330007
 		949 188 90 #190003
 		950 190 0 #ff002e
 		951 190 10 #e5002a
 		952 190 20 #cc0025
 		953 190 30 #b20020
 		954 190 40 #99001c
 		955 190 50 #7f0017
 		956 190 60 #660012
 		957 190 70 #4c000d
 		958 190 80 #330009
 		959 190 90 #190004
 		960 192 0 #ff0033
 		961 192 10 #e5002d
 		962 192 20 #cc0028
 		963 192 30 #b20023
 		964 192 40 #99001e
 		965 192 50 #7f0019
 		966 192 60 #660014
 		967 192 70 #4c000f
 		968 192 80 #33000a
 		969 192 90 #190005
 		970 194 0 #ff003b
 		971 194 10 #e50035
 		972 194 20 #cc002f
 		973 194 30 #b20029
 		974 194 40 #990023
 		975 194 50 #7f001d
 		976 194 60 #660017
 		977 194 70 #4c0011
 		978 194 80 #33000b
 		979 194 90 #190005
 		980 196 0 #ff0044
 		981 196 10 #e5003d
 		982 196 20 #cc0036
 		983 196 30 #b2002f
 		984 196 40 #990028
 		985 196 50 #7f0022
 		986 196 60 #66001b
 		987 196 70 #4c0014
 		988 196 80 #33000d
 		989 196 90 #190006
 		990 198 0 #ff004c
 		991 198 10 #e50044
 		992 198 20 #cc003d
 		993 198 30 #b20035
 		994 198 40 #99002e
 		995 198 50 #7f0026
 		996 198 60 #66001e
 		997 198 70 #4c0016
 		998 198 80 #33000f
 		999 198 90 #190007
 		1000 200 0 #ff0055
 		1001 200 10 #e5004c
 		1002 200 20 #cc0044
 		1003 200 30 #b2003b
 		1004 200 40 #990033
 		1005 200 50 #7f002a
 		1006 200 60 #660022
 		1007 200 70 #4c0019
 		1008 200 80 #330011
 		1009 200 90 #190008
 		1010 202 0 #ff005d
 		1011 202 10 #e50054
 		1012 202 20 #cc004b
 		1013 202 30 #b20041
 		1014 202 40 #990038
 		1015 202 50 #7f002e
 		1016 202 60 #660025
 		1017 202 70 #4c001b
 		1018 202 80 #330012
 		1019 202 90 #190009
 		1020 204 0 #ff0062
 		1021 204 10 #e50058
 		1022 204 20 #cc004e
 		1023 204 30 #b20044
 		1024 204 40 #99003a
 		1025 204 50 #7f0030
 		1026 204 60 #660027
 		1027 204 70 #4c001d
 		1028 204 80 #330013
 		1029 204 90 #190009
 		1030 206 0 #ff006a
 		1031 206 10 #e5005f
 		1032 206 20 #cc0055
 		1033 206 30 #b2004a
 		1034 206 40 #990040
 		1035 206 50 #7f0035
 		1036 206 60 #66002a
 		1037 206 70 #4c001f
 		1038 206 80 #330015
 		1039 206 90 #19000a
 		1040 208 0 #ff0073
 		1041 208 10 #e50067
 		1042 208 20 #cc005c
 		1043 208 30 #b20050
 		1044 208 40 #990045
 		1045 208 50 #7f0039
 		1046 208 60 #66002e
 		1047 208 70 #4c0022
 		1048 208 80 #330017
 		1049 208 90 #19000b
 		1050 210 0 #ff007b
 		1051 210 10 #e5006f
 		1052 210 20 #cc0062
 		1053 210 30 #b20056
 		1054 210 40 #99004a
 		1055 210 50 #7f003d
 		1056 210 60 #660031
 		1057 210 70 #4c0024
 		1058 210 80 #330018
 		1059 210 90 #19000c
 		1060 212 0 #ff0084
 		1061 212 10 #e50076
 		1062 212 20 #cc0069
 		1063 212 30 #b2005c
 		1064 212 40 #99004f
 		1065 212 50 #7f0041
 		1066 212 60 #660034
 		1067 212 70 #4c0027
 		1068 212 80 #33001a
 		1069 212 90 #19000c
 		1070 214 0 #ff008c
 		1071 214 10 #e5007e
 		1072 214 20 #cc0070
 		1073 214 30 #b20062
 		1074 214 40 #990054
 		1075 214 50 #7f0046
 		1076 214 60 #660038
 		1077 214 70 #4c0029
 		1078 214 80 #33001c
 		1079 214 90 #19000d
 		1080 216 0 #ff0095
 		1081 216 10 #e50086
 		1082 216 20 #cc0077
 		1083 216 30 #b20068
 		1084 216 40 #990059
 		1085 216 50 #7f004a
 		1086 216 60 #66003b
 		1087 216 70 #4c002c
 		1088 216 80 #33001d
 		1089 216 90 #19000e
 		1090 218 0 #ff009d
 		1091 218 10 #e5008d
 		1092 218 20 #cc007e
 		1093 218 30 #b2006e
 		1094 218 40 #99005e
 		1095 218 50 #7f004e
 		1096 218 60 #66003f
 		1097 218 70 #4c002f
 		1098 218 80 #33001f
 		1099 218 90 #19000f
 		1100 220 0 #ff00a6
 		1101 220 10 #e50095
 		1102 220 20 #cc0085
 		1103 220 30 #b20074
 		1104 220 40 #990063
 		1105 220 50 #7f0052
 		1106 220 60 #660042
 		1107 220 70 #4c0031
 		1108 220 80 #330021
 		1109 220 90 #190010
 		1110 222 0 #ff00ae
 		1111 222 10 #e5009d
 		1112 222 20 #cc008b
 		1113 222 30 #b2007a
 		1114 222 40 #990068
 		1115 222 50 #7f0057
 		1116 222 60 #660045
 		1117 222 70 #4c0034
 		1118 222 80 #330022
 		1119 222 90 #190011
 		1120 224 0 #ff00b7
 		1121 224 10 #e500a4
 		1122 224 20 #cc0092
 		1123 224 30 #b20080
 		1124 224 40 #99006e
 		1125 224 50 #7f005b
 		1126 224 60 #660049
 		1127 224 70 #4c0036
 		1128 224 80 #330024
 		1129 224 90 #190011
 		1130 226 0 #ff00bf
 		1131 226 10 #e500ac
 		1132 226 20 #cc0099
 		1133 226 30 #b20086
 		1134 226 40 #990073
 		1135 226 50 #7f005f
 		1136 226 60 #66004c
 		1137 226 70 #4c0039
 		1138 226 80 #330026
 		1139 226 90 #190012
 		1140 228 0 #ff00c8
 		1141 228 10 #e500b4
 		1142 228 20 #cc00a0
 		1143 228 30 #b2008b
 		1144 228 40 #990078
 		1145 228 50 #7f0063
 		1146 228 60 #660050
 		1147 228 70 #4c003b
 		1148 228 80 #330028
 		1149 228 90 #190013
 		1150 230 0 #ff00d5
 		1151 230 10 #e500bf
 		1152 230 20 #cc00aa
 		1153 230 30 #b20094
 		1154 230 40 #99007f
 		1155 230 50 #7f006a
 		1156 230 60 #660055
 		1157 230 70 #4c003f
 		1158 230 80 #33002a
 		1159 230 90 #190014
 		1160 232 0 #ff00d9
 		1161 232 10 #e500c3
 		1162 232 20 #cc00ae
 		1163 232 30 #b20097
 		1164 232 40 #990082
 		1165 232 50 #7f006c
 		1166 232 60 #660057
 		1167 232 70 #4c0040
 		1168 232 80 #33002b
 		1169 232 90 #190015
 		1170 234 0 #ff00e6
 		1171 234 10 #e500ce
 		1172 234 20 #cc00b8
 		1173 234 30 #b200a0
 		1174 234 40 #99008a
 		1175 234 50 #7f0072
 		1176 234 60 #66005c
 		1177 234 70 #4c0044
 		1178 234 80 #33002e
 		1179 234 90 #190016
 		1180 236 0 #ff00ee
 		1181 236 10 #e500d6
 		1182 236 20 #cc00bf
 		1183 236 30 #b200a6
 		1184 236 40 #99008f
 		1185 236 50 #7f0076
 		1186 236 60 #66005f
 		1187 236 70 #4c0047
 		1188 236 80 #33002f
 		1189 236 90 #190017
 		1190 238 0 #ff00f7
 		1191 238 10 #e500de
 		1192 238 20 #cc00c5
 		1193 238 30 #b200ac
 		1194 238 40 #990094
 		1195 238 50 #7f007b
 		1196 238 60 #660062
 		1197 238 70 #4c0049
 		1198 238 80 #330031
 		1199 238 90 #190018
 		1200 240 0 #ff00ff
 		1201 240 10 #e500e5
 		1202 240 20 #cc00cc
 		1203 240 30 #b200b2
 		1204 240 40 #990099
 		1205 240 50 #7f007f
 		1206 240 60 #660066
 		1207 240 70 #4c004c
 		1208 240 80 #330033
 		1209 240 90 #190019
 		1210 242 0 #f300ff
 		1211 242 10 #da00e5
 		1212 242 20 #c200cc
 		1213 242 30 #a900b2
 		1214 242 40 #910099
 		1215 242 50 #79007f
 		1216 242 60 #610066
 		1217 242 70 #48004c
 		1218 242 80 #300033
 		1219 242 90 #170019
 		1220 244 0 #ea00ff
 		1221 244 10 #d200e5
 		1222 244 20 #bb00cc
 		1223 244 30 #a300b2
 		1224 244 40 #8c0099
 		1225 244 50 #74007f
 		1226 244 60 #5d0066
 		1227 244 70 #45004c
 		1228 244 80 #2e0033
 		1229 244 90 #170019
 		1230 246 0 #dd00ff
 		1231 246 10 #c700e5
 		1232 246 20 #b100cc
 		1233 246 30 #9a00b2
 		1234 246 40 #850099
 		1235 246 50 #6e007f
 		1236 246 60 #580066
 		1237 246 70 #42004c
 		1238 246 80 #2c0033
 		1239 246 90 #150019
 		1240 248 0 #d500ff
 		1241 248 10 #bf00e5
 		1242 248 20 #aa00cc
 		1243 248 30 #9400b2
 		1244 248 40 #7f0099
 		1245 248 50 #6a007f
 		1246 248 60 #550066
 		1247 248 70 #3f004c
 		1248 248 80 #2a0033
 		1249 248 90 #140019
 		1250 250 0 #cc00ff
 		1251 250 10 #b700e5
 		1252 250 20 #a300cc
 		1253 250 30 #8e00b2
 		1254 250 40 #7a0099
 		1255 250 50 #65007f
 		1256 250 60 #510066
 		1257 250 70 #3d004c
 		1258 250 80 #280033
 		1259 250 90 #140019
 		1260 252 0 #bf00ff
 		1261 252 10 #ac00e5
 		1262 252 20 #9900cc
 		1263 252 30 #8600b2
 		1264 252 40 #730099
 		1265 252 50 #5f007f
 		1266 252 60 #4c0066
 		1267 252 70 #39004c
 		1268 252 80 #260033
 		1269 252 90 #120019
 		1270 254 0 #bb00ff
 		1271 254 10 #a800e5
 		1272 254 20 #9600cc
 		1273 254 30 #8300b2
 		1274 254 40 #700099
 		1275 254 50 #5d007f
 		1276 254 60 #4b0066
 		1277 254 70 #37004c
 		1278 254 80 #250033
 		1279 254 90 #120019
 		1280 256 0 #ae00ff
 		1281 256 10 #9d00e5
 		1282 256 20 #8b00cc
 		1283 256 30 #7a00b2
 		1284 256 40 #680099
 		1285 256 50 #57007f
 		1286 256 60 #450066
 		1287 256 70 #34004c
 		1288 256 80 #220033
 		1289 256 90 #110019
 		1290 258 0 #a600ff
 		1291 258 10 #9500e5
 		1292 258 20 #8500cc
 		1293 258 30 #7400b2
 		1294 258 40 #630099
 		1295 258 50 #52007f
 		1296 258 60 #420066
 		1297 258 70 #31004c
 		1298 258 80 #210033
 		1299 258 90 #100019
 		1300 260 0 #9d00ff
 		1301 260 10 #8d00e5
 		1302 260 20 #7e00cc
 		1303 260 30 #6e00b2
 		1304 260 40 #5e0099
 		1305 260 50 #4e007f
 		1306 260 60 #3f0066
 		1307 260 70 #2f004c
 		1308 260 80 #1f0033
 		1309 260 90 #0f0019
 		1310 262 0 #9500ff
 		1311 262 10 #8600e5
 		1312 262 20 #7700cc
 		1313 262 30 #6800b2
 		1314 262 40 #590099
 		1315 262 50 #4a007f
 		1316 262 60 #3b0066
 		1317 262 70 #2c004c
 		1318 262 80 #1d0033
 		1319 262 90 #0e0019
 		1320 264 0 #8800ff
 		1321 264 10 #7a00e5
 		1322 264 20 #6d00cc
 		1323 264 30 #5f00b2
 		1324 264 40 #510099
 		1325 264 50 #43007f
 		1326 264 60 #360066
 		1327 264 70 #28004c
 		1328 264 80 #1b0033
 		1329 264 90 #0d0019
 		1330 266 0 #8000ff
 		1331 266 10 #7200e5
 		1332 266 20 #6600cc
 		1333 266 30 #5900b2
 		1334 266 40 #4c0099
 		1335 266 50 #3f007f
 		1336 266 60 #330066
 		1337 266 70 #26004c
 		1338 266 80 #190033
 		1339 266 90 #0c0019
 		1340 268 0 #7700ff
 		1341 268 10 #6b00e5
 		1342 268 20 #5f00cc
 		1343 268 30 #5300b2
 		1344 268 40 #470099
 		1345 268 50 #3b007f
 		1346 268 60 #2f0066
 		1347 268 70 #23004c
 		1348 268 80 #170033
 		1349 268 90 #0b0019
 		1350 270 0 #6a00ff
 		1351 270 10 #5f00e5
 		1352 270 20 #5500cc
 		1353 270 30 #4a00b2
 		1354 270 40 #400099
 		1355 270 50 #35007f
 		1356 270 60 #2a0066
 		1357 270 70 #1f004c
 		1358 270 80 #150033
 		1359 270 90 #0a0019
 		1360 272 0 #6200ff
 		1361 272 10 #5800e5
 		1362 272 20 #4e00cc
 		1363 272 30 #4400b2
 		1364 272 40 #3a0099
 		1365 272 50 #30007f
 		1366 272 60 #270066
 		1367 272 70 #1d004c
 		1368 272 80 #130033
 		1369 272 90 #090019
 		1370 274 0 #5500ff
 		1371 274 10 #4c00e5
 		1372 274 20 #4400cc
 		1373 274 30 #3b00b2
 		1374 274 40 #330099
 		1375 274 50 #2a007f
 		1376 274 60 #220066
 		1377 274 70 #19004c
 		1378 274 80 #110033
 		1379 274 90 #080019
 		1380 276 0 #4c00ff
 		1381 276 10 #4400e5
 		1382 276 20 #3d00cc
 		1383 276 30 #3500b2
 		1384 276 40 #2e0099
 		1385 276 50 #26007f
 		1386 276 60 #1e0066
 		1387 276 70 #16004c
 		1388 276 80 #0f0033
 		1389 276 90 #070019
 		1390 278 0 #4400ff
 		1391 278 10 #3d00e5
 		1392 278 20 #3600cc
 		1393 278 30 #2f00b2
 		1394 278 40 #280099
 		1395 278 50 #22007f
 		1396 278 60 #1b0066
 		1397 278 70 #14004c
 		1398 278 80 #0d0033
 		1399 278 90 #060019
 		1400 280 0 #3700ff
 		1401 280 10 #3100e5
 		1402 280 20 #2c00cc
 		1403 280 30 #2600b2
 		1404 280 40 #210099
 		1405 280 50 #1b007f
 		1406 280 60 #160066
 		1407 280 70 #10004c
 		1408 280 80 #0b0033
 		1409 280 90 #050019
 		1410 282 0 #3300ff
 		1411 282 10 #2d00e5
 		1412 282 20 #2800cc
 		1413 282 30 #2300b2
 		1414 282 40 #1e0099
 		1415 282 50 #19007f
 		1416 282 60 #140066
 		1417 282 70 #0f004c
 		1418 282 80 #0a0033
 		1419 282 90 #050019
 		1420 284 0 #2a00ff
 		1421 284 10 #2600e5
 		1422 284 20 #2200cc
 		1423 284 30 #1d00b2
 		1424 284 40 #190099
 		1425 284 50 #15007f
 		1426 284 60 #110066
 		1427 284 70 #0c004c
 		1428 284 80 #080033
 		1429 284 90 #040019
 		1430 286 0 #1d00ff
 		1431 286 10 #1a00e5
 		1432 286 20 #1700cc
 		1433 286 30 #1400b2
 		1434 286 40 #110099
 		1435 286 50 #0e007f
 		1436 286 60 #0b0066
 		1437 286 70 #08004c
 		1438 286 80 #050033
 		1439 286 90 #020019
 		1440 288 0 #1500ff
 		1441 288 10 #1300e5
 		1442 288 20 #1100cc
 		1443 288 30 #0e00b2
 		1444 288 40 #0c0099
 		1445 288 50 #0a007f
 		1446 288 60 #080066
 		1447 288 70 #06004c
 		1448 288 80 #040033
 		1449 288 90 #020019
 		1450 290 0 #0c00ff
 		1451 290 10 #0b00e5
 		1452 290 20 #0a00cc
 		1453 290 30 #0800b2
 		1454 290 40 #070099
 		1455 290 50 #06007f
 		1456 290 60 #050066
 		1457 290 70 #03004c
 		1458 290 80 #020033
 		1459 290 90 #010019
 		1460 292 0 #0000ff
 		1461 292 10 #0000e5
 		1462 292 20 #0000cc
 		1463 292 30 #0000b2
 		1464 292 40 #000099
 		1465 292 50 #00007f
 		1466 292 60 #000066
 		1467 292 70 #00004c
 		1468 292 80 #000033
 		1469 292 90 #000019
 		1470 294 0 #0004ff
 		1471 294 10 #0003e5
 		1472 294 20 #0003cc
 		1473 294 30 #0002b2
 		1474 294 40 #000299
 		1475 294 50 #00027f
 		1476 294 60 #000166
 		1477 294 70 #00014c
 		1478 294 80 #000033
 		1479 294 90 #000019
 		1480 296 0 #000cff
 		1481 296 10 #000be5
 		1482 296 20 #000acc
 		1483 296 30 #0008b2
 		1484 296 40 #000799
 		1485 296 50 #00067f
 		1486 296 60 #000566
 		1487 296 70 #00034c
 		1488 296 80 #000233
 		1489 296 90 #000119
 		1490 298 0 #0015ff
 		1491 298 10 #0013e5
 		1492 298 20 #0011cc
 		1493 298 30 #000eb2
 		1494 298 40 #000c99
 		1495 298 50 #000a7f
 		1496 298 60 #000866
 		1497 298 70 #00064c
 		1498 298 80 #000433
 		1499 298 90 #000219
 		1500 300 0 #001dff
 		1501 300 10 #001ae5
 		1502 300 20 #0017cc
 		1503 300 30 #0014b2
 		1504 300 40 #001199
 		1505 300 50 #000e7f
 		1506 300 60 #000b66
 		1507 300 70 #00084c
 		1508 300 80 #000533
 		1509 300 90 #000219
 		1510 302 0 #001dff
 		1511 302 10 #001ae5
 		1512 302 20 #0017cc
 		1513 302 30 #0014b2
 		1514 302 40 #001199
 		1515 302 50 #000e7f
 		1516 302 60 #000b66
 		1517 302 70 #00084c
 		1518 302 80 #000533
 		1519 302 90 #000219
 		1520 304 0 #0022ff
 		1521 304 10 #001ee5
 		1522 304 20 #001bcc
 		1523 304 30 #0017b2
 		1524 304 40 #001499
 		1525 304 50 #00117f
 		1526 304 60 #000d66
 		1527 304 70 #000a4c
 		1528 304 80 #000633
 		1529 304 90 #000319
 		1530 306 0 #0026ff
 		1531 306 10 #0022e5
 		1532 306 20 #001ecc
 		1533 306 30 #001ab2
 		1534 306 40 #001799
 		1535 306 50 #00137f
 		1536 306 60 #000f66
 		1537 306 70 #000b4c
 		1538 306 80 #000733
 		1539 306 90 #000319
 		1540 308 0 #002aff
 		1541 308 10 #0026e5
 		1542 308 20 #0022cc
 		1543 308 30 #001db2
 		1544 308 40 #001999
 		1545 308 50 #00157f
 		1546 308 60 #001166
 		1547 308 70 #000c4c
 		1548 308 80 #000833
 		1549 308 90 #000419
 		1550 310 0 #002eff
 		1551 310 10 #002ae5
 		1552 310 20 #0025cc
 		1553 310 30 #0020b2
 		1554 310 40 #001c99
 		1555 310 50 #00177f
 		1556 310 60 #001266
 		1557 310 70 #000d4c
 		1558 310 80 #000933
 		1559 310 90 #000419
 		1560 312 0 #0037ff
 		1561 312 10 #0031e5
 		1562 312 20 #002ccc
 		1563 312 30 #0026b2
 		1564 312 40 #002199
 		1565 312 50 #001b7f
 		1566 312 60 #001666
 		1567 312 70 #00104c
 		1568 312 80 #000b33
 		1569 312 90 #000519
 		1570 314 0 #003bff
 		1571 314 10 #0035e5
 		1572 314 20 #002fcc
 		1573 314 30 #0029b2
 		1574 314 40 #002399
 		1575 314 50 #001d7f
 		1576 314 60 #001766
 		1577 314 70 #00114c
 		1578 314 80 #000b33
 		1579 314 90 #000519
 		1580 316 0 #0044ff
 		1581 316 10 #003de5
 		1582 316 20 #0036cc
 		1583 316 30 #002fb2
 		1584 316 40 #002899
 		1585 316 50 #00227f
 		1586 316 60 #001b66
 		1587 316 70 #00144c
 		1588 316 80 #000d33
 		1589 316 90 #000619
 		1590 318 0 #0048ff
 		1591 318 10 #0041e5
 		1592 318 20 #003acc
 		1593 318 30 #0032b2
 		1594 318 40 #002b99
 		1595 318 50 #00247f
 		1596 318 60 #001d66
 		1597 318 70 #00154c
 		1598 318 80 #000e33
 		1599 318 90 #000719
 		1600 320 0 #0051ff
 		1601 320 10 #0048e5
 		1602 320 20 #0040cc
 		1603 320 30 #0038b2
 		1604 320 40 #003099
 		1605 320 50 #00287f
 		1606 320 60 #002066
 		1607 320 70 #00184c
 		1608 320 80 #001033
 		1609 320 90 #000719
 		1610 322 0 #0059ff
 		1611 322 10 #0050e5
 		1612 322 20 #0047cc
 		1613 322 30 #003eb2
 		1614 322 40 #003599
 		1615 322 50 #002c7f
 		1616 322 60 #002366
 		1617 322 70 #001a4c
 		1618 322 80 #001133
 		1619 322 90 #000819
 		1620 324 0 #0062ff
 		1621 324 10 #0058e5
 		1622 324 20 #004ecc
 		1623 324 30 #0044b2
 		1624 324 40 #003a99
 		1625 324 50 #00307f
 		1626 324 60 #002766
 		1627 324 70 #001d4c
 		1628 324 80 #001333
 		1629 324 90 #000919
 		1630 326 0 #0066ff
 		1631 326 10 #005be5
 		1632 326 20 #0051cc
 		1633 326 30 #0047b2
 		1634 326 40 #003d99
 		1635 326 50 #00337f
 		1636 326 60 #002866
 		1637 326 70 #001e4c
 		1638 326 80 #001433
 		1639 326 90 #000a19
 		1640 328 0 #006eff
 		1641 328 10 #0063e5
 		1642 328 20 #0058cc
 		1643 328 30 #004db2
 		1644 328 40 #004299
 		1645 328 50 #00377f
 		1646 328 60 #002c66
 		1647 328 70 #00214c
 		1648 328 80 #001633
 		1649 328 90 #000a19
 		1650 330 0 #0077ff
 		1651 330 10 #006be5
 		1652 330 20 #005fcc
 		1653 330 30 #0053b2
 		1654 330 40 #004799
 		1655 330 50 #003b7f
 		1656 330 60 #002f66
 		1657 330 70 #00234c
 		1658 330 80 #001733
 		1659 330 90 #000b19
 		1660 332 0 #0080ff
 		1661 332 10 #0072e5
 		1662 332 20 #0066cc
 		1663 332 30 #0059b2
 		1664 332 40 #004c99
 		1665 332 50 #003f7f
 		1666 332 60 #003366
 		1667 332 70 #00264c
 		1668 332 80 #001933
 		1669 332 90 #000c19
 		1670 334 0 #0088ff
 		1671 334 10 #007ae5
 		1672 334 20 #006dcc
 		1673 334 30 #005fb2
 		1674 334 40 #005199
 		1675 334 50 #00437f
 		1676 334 60 #003666
 		1677 334 70 #00284c
 		1678 334 80 #001b33
 		1679 334 90 #000d19
 		1680 336 0 #0091ff
 		1681 336 10 #0082e5
 		1682 336 20 #0074cc
 		1683 336 30 #0065b2
 		1684 336 40 #005799
 		1685 336 50 #00487f
 		1686 336 60 #003a66
 		1687 336 70 #002b4c
 		1688 336 80 #001d33
 		1689 336 90 #000e19
 		1690 338 0 #0099ff
 		1691 338 10 #0089e5
 		1692 338 20 #007acc
 		1693 338 30 #006bb2
 		1694 338 40 #005c99
 		1695 338 50 #004c7f
 		1696 338 60 #003d66
 		1697 338 70 #002d4c
 		1698 338 80 #001e33
 		1699 338 90 #000f19
 		1700 340 0 #00a2ff
 		1701 340 10 #0091e5
 		1702 340 20 #0081cc
 		1703 340 30 #0071b2
 		1704 340 40 #006199
 		1705 340 50 #00507f
 		1706 340 60 #004066
 		1707 340 70 #00304c
 		1708 340 80 #002033
 		1709 340 90 #000f19
 		1710 342 0 #00aaff
 		1711 342 10 #0099e5
 		1712 342 20 #0088cc
 		1713 342 30 #0077b2
 		1714 342 40 #006699
 		1715 342 50 #00547f
 		1716 342 60 #004466
 		1717 342 70 #00324c
 		1718 342 80 #002233
 		1719 342 90 #001019
 		1720 344 0 #00b3ff
 		1721 344 10 #00a0e5
 		1722 344 20 #008fcc
 		1723 344 30 #007db2
 		1724 344 40 #006b99
 		1725 344 50 #00597f
 		1726 344 60 #004766
 		1727 344 70 #00354c
 		1728 344 80 #002333
 		1729 344 90 #001119
 		1730 346 0 #00bbff
 		1731 346 10 #00a8e5
 		1732 346 20 #0096cc
 		1733 346 30 #0083b2
 		1734 346 40 #007099
 		1735 346 50 #005d7f
 		1736 346 60 #004b66
 		1737 346 70 #00374c
 		1738 346 80 #002533
 		1739 346 90 #001219
 		1740 348 0 #00c8ff
 		1741 348 10 #00b4e5
 		1742 348 20 #00a0cc
 		1743 348 30 #008bb2
 		1744 348 40 #007899
 		1745 348 50 #00637f
 		1746 348 60 #005066
 		1747 348 70 #003b4c
 		1748 348 80 #002833
 		1749 348 90 #001319
 		1750 350 0 #00ccff
 		1751 350 10 #00b7e5
 		1752 350 20 #00a3cc
 		1753 350 30 #008eb2
 		1754 350 40 #007a99
 		1755 350 50 #00657f
 		1756 350 60 #005166
 		1757 350 70 #003d4c
 		1758 350 80 #002833
 		1759 350 90 #001419
 		1760 352 0 #00d5ff
 		1761 352 10 #00bfe5
 		1762 352 20 #00aacc
 		1763 352 30 #0094b2
 		1764 352 40 #008099
 		1765 352 50 #006a7f
 		1766 352 60 #005566
 		1767 352 70 #003f4c
 		1768 352 80 #002a33
 		1769 352 90 #001419
 		1770 354 0 #00e2ff
 		1771 354 10 #00cbe5
 		1772 354 20 #00b4cc
 		1773 354 30 #009db2
 		1774 354 40 #008799
 		1775 354 50 #00707f
 		1776 354 60 #005a66
 		1777 354 70 #00434c
 		1778 354 80 #002d33
 		1779 354 90 #001619
 		1780 356 0 #00eaff
 		1781 356 10 #00d2e5
 		1782 356 20 #00bbcc
 		1783 356 30 #00a3b2
 		1784 356 40 #008c99
 		1785 356 50 #00747f
 		1786 356 60 #005d66
 		1787 356 70 #00454c
 		1788 356 80 #002e33
 		1789 356 90 #001719
 		1790 358 0 #00f3ff
 		1791 358 10 #00dae5
 		1792 358 20 #00c2cc
 		1793 358 30 #00a9b2
 		1794 358 40 #009199
 		1795 358 50 #00797f
 		1796 358 60 #006166
 		1797 358 70 #00484c
 		1798 358 80 #003033
 		1799 358 90 #001719
end codes
